 Accuracy: 0.9321577502567004
 Precision: 0.9333882553905594
 Recall: 0.9321577502567004
 F1-Score: 0.9320635054682592
