 Accuracy: 0.7353052115420884
 Precision: 0.8288811038496584
 Recall: 0.7353052115420884
 F1-Score: 0.7688990793833426
