 Accuracy: 0.9012279709142725
 Precision: 0.9027870934383011
 Recall: 0.9012279709142725
 F1-Score: 0.9001132723408091
