 Accuracy: 0.9206952913811529
 Precision: 0.9207166078917428
 Recall: 0.9206952913811529
 F1-Score: 0.9192401580883407
