 Accuracy: 0.8657718823997821
 Precision: 0.9394033707228532
 Recall: 0.8657718823997821
 F1-Score: 0.8977774407330416
