 Accuracy: 0.8792250791056349
 Precision: 0.8799526837289287
 Recall: 0.8792250791056349
 F1-Score: 0.8750749118400054
