 Accuracy: 0.6630833385721171
 Precision: 0.6550576216145279
 Recall: 0.6630833385721171
 F1-Score: 0.6122414595291571
